10999,
10998,小点
10997,喵玲
10996,
10995,
10994,
10993,
10992,
10991,
10990,
10989,
10988,
10987,
10986,
10985,w宅
10984,
10983,咸鱼团
10982,
10981,
10980,
10979,
10978,
10977,
10976,
10975,
10974,
10973,颜艺
10972,
10971,
10970,激霸
10969,
10968,
10967,
10966,
10965,
10964,
10963,
10962,
10961,
10960,
10959,
10958,
10957,
10956,
10955,黑枪汪
10954,
10953,夜不咕
10952,
10951,
10950,铃木社
10949,
10948,
10947,
10946,嗦喵
10945,
10944,
10943,
10942,
10941,
10940,
10939,
10938,Remi
10937,
10936,
10935,
10934,
10933,麻^
10932,
10931,一般
10930,
10929,
10928,
10927,
10926,
10925,
10924,
10923,
10922,阿毛
10921,
10920,
10919,
10918,神油
10917,
10916,
10915,浮萍
10914,
10913,
10912,小狼CS
10911,
10910,
10909,
10908,
10907,
10906,
10905,
10904,
10903,
10902,韦娘
10901,
10900,
10899,
10898,
10897,
10896,
10895,
10894,
10893,
10892,
10891,
10890,
10889,
10888,
10887,月丘彰
10886,
10885,
10884,鸽
10883,
10882,
10881,
10880,
10879,
10878,
10877,
10876,
10875,亚尔
10874,
10873,易紫
10872,
10871,
10870,
10869,
10868,
10867,
10866,
10865,
10864,
10863,
10862,
10861,
10860,川川子
10859,
10858,舰R
10857,
10856,
10855,冰雹
10854,
10853,
10852,
10851,
10850,
10849,
10848,
10847,
10846,基娅
10845,
10844,
10843,
10842,
10841,
10840,
10839,暗帝
10838,
10837,
10836,
10835,
10834,
10833,
10832,
10831,
10830,
10829,
10828,
10827,
10826,幻境
10825,
10824,
10823,
10822,
10821,狂3
10820,
10819,
10818,
10817,
10816,饮料
10815,
10814,
10813,
10812,
10811,
10810,
10809,
10808,
10807,
10806,
10805,
10804,
10803,
10802,
10801,小笋
10800,
10799,
10798,
10797,
10796,幻想
10795,
10794,
10793,
10792,
10791,蛋饺
10790,
10789,偷啃
10788,
10787,手痒
10786,
10785,
10784,
10783,
10782,
10781,
10780,
10779,天才
10778,
10777,
10776,
10775,
10774,
10773,拆迁王
10772,
10771,
10770,
10769,
10768,
10767,
10766,
10765,
10764,
10763,
10762,
10761,
10760,
10759,视翼
10758,
10757,
10756,超炮
10755,
10754,
10753,
10752,
10751,
10750,
10749,
10748,
10747,
10746,
10745,
10744,
10743,
10742,
10741,
10740,
10739,
10738,
10737,
10736,
10735,
10734,
10733,
10732,
10731,
10730,
10729,
10728,呆葵
10727,
10726,wuyu
10725,
10724,皆传
10723,呱喜娃
10722,
10721,
10720,
10719,
10718,
10717,
10716,奶昔昔
10715,
10714,
10713,
10712,
10711,
10710,
10709,
10708,
10707,
10706,猫粮
10705,
10704,折
10703,
10702,十喵
10701,
10700,嘿羞
10699,红雾
10698,
10697,
10696,
10695,Kika
10694,少女S
10693,
10692,胖吃
10691,
10690,
10689,
10688,幸福
10687,
10686,
10685,
10684,
10683,CYY
10682,
10681,
10680,馍芋丝
10679,
10678,
10677,
10676,
10675,鹌鹑
10674,
10673,
10672,
10671,
10670,
10669,
10668,
10667,
10666,
10665,
10664,
10663,
10662,
10661,
10660,
10659,吃吐
10658,
10657,
10656,污D
10655,
10654,
10653,
10652,
10651,
10650,
10649,
10648,
10647,
10646,
10645,
10644,
10643,KARS
10642,夏飞
10641,
10640,
10639,
10638,
10637,
10636,
10635,
10634,
10633,
10632,
10631,
10630,
10629,
10628,祭典
10627,
10626,
10625,
10624,
10623,梦梦梦
10622,
10621,
10620,虎佐
10619,
10618,
10617,喵
10616,
10615,
10614,
10613,
10612,
10611,
10610,
10609,
10608,
10607,催婚
10606,
10605,
10604,
10603,虾条
10602,
10601,
10600,
10599,
10598,
10597,
10596,
10595,
10594,
10593,
10592,スキ
10591,
10590,
10589,
10588,
10587,
10586,大3S
10585,
10584,
10583,
10582,
10581,
10580,
10579,
10578,
10577,三井寿
10576,hh
10575,
10574,
10573,
10572,VOW
10571,
10570,
10569,
10568,
10567,天则者
10566,
10565,雏菊
10564,
10563,
10562,
10561,
10560,
10559,
10558,
10557,
10556,
10555,
10554,
10553,
10552,
10551,
10550,
10549,
10548,
10547,
10546,
10545,鹅子
10544,
10543,
10542,
10541,
10540,
10539,
10538,hira
10537,
10536,
10535,史黛拉
10534,
10533,讲
10532,
10531,
10530,
10529,
10528,
10527,
10526,PP熊
10525,墨喵
10524,
10523,
10522,
10521,
10520,大毛
10519,
10518,
10517,
10516,
10515,
10514,
10513,
10512,结污
10511,吸瓜
10510,
10509,落月
10508,
10507,
10506,
10505,
10504,
10503,_
10502,
10501,
10500,
10499,蠢瓜
10498,
10497,调料
10496,
10495,绒控
10494,
10493,
10492,
10491,初心
10490,
10489,红魔
10488,
10487,
10486,
10485,
10484,
10483,
10482,
10481,
10480,
10479,
10478,
10477,
10476,
10475,
10474,
10473,
10472,
10471,
10470,
10469,萌娘
10468,
10467,
10466,幻想_
10465,
10464,
10463,
10462,
10461,
10460,厘米
10459,
10458,
10457,
10456,
10455,
10454,
10453,
10452,
10451,
10450,
10449,
10448,
10447,
10446,
10445,神志
10444,英豪
10443,CHOC
10442,
10441,
10440,
10439,
10438,xiner
10437,
10436,
10435,
10434,
10433,
10432,
10431,
10430,闹闹
10429,C9K
10428,
10427,
10426,
10425,
10424,
10423,
10422,
10421,
10420,
10419,
10418,
10417,
10416,
10415,
10414,
10413,
10412,
10411,
10410,
10409,
10408,
10407,
10406,
10405,
10404,
10403,
10402,
10401,猫球
10400,
10399,
10398,
10397,
10396,
10395,
10394,
10393,
10392,
10391,
10390,
10389,松子
10388,
10387,
10386,小肥仔
10385,
10384,
10383,
10382,
10381,
10380,
10379,萌妹儿
10378,
10377,
10376,
10375,
10374,
10373,
10372,
10371,苏奶
10370,
10369,
10368,大DJ
10367,
10366,
10365,
10364,赤基
10363,
10362,
10361,
10360,SDYG
10359,
10358,
10357,
10356,忘れ
10355,
10354,
10353,
10352,
10351,
10350,世界
10349,
10348,
10347,诗雀
10346,
10345,
10344,
10343,
10342,
10341,
10340,二刺螈
10339,
10338,
10337,
10336,
10335,
10334,
10333,
10332,
10331,
10330,
10329,
10328,YJCX
10327,
10326,
10325,
10324,
10323,
10322,
10321,
10320,
10319,
10318,
10317,帅疯了
10316,夜寒
10315,
10314,
10313,十六
10312,
10311,
10310,
10309,浊酒
10308,
10307,
10306,
10305,
10304,
10303,
10302,盒一
10301,
10300,
10299,
10298,
10297,
10296,
10295,
10294,
10293,
10292,老樱B
10291,
10290,
10289,
10288,LOLI
10287,
10286,
10285,
10284,
10283,
10282,
10281,
10280,
10279,
10278,
10277,
10276,
10275,
10274,
10273,甲零级
10272,
10271,
10270,
10269,
10268,
10267,
10266,
10265,U盘
10264,
10263,
10262,
10261,
10260,
10259,
10258,
10257,
10256,
10255,
10254,
10253,
10252,
10251,啪啾
10250,伦妹
10249,
10248,白泽
10247,陌言
10246,
10245,
10244,奶粉
10243,
10242,
10241,
10240,
10239,
10238,
10237,
10236,九伴
10235,
10234,
10233,已疯
10232,
10231,
10230,
10229,
10228,
10227,
10226,
10225,
10224,
10223,
10222,
10221,
10220,
10219,
10218,
10217,
10216,
10215,
10214,
10213,
10212,
10211,决斗
10210,小油瓶
10209,点兔
10208,
10207,
10206,
10205,
10204,
10203,炮面
10202,克叔
10201,
10200,
10199,
10198,
10197,
10196,
10195,
10194,
10193,
10192,献祭
10191,
10190,
10189,
10188,
10187,
10186,
10185,甜糖
10184,
10183,
10182,
10181,
10180,
10179,Zenith
10178,
10177,奶酪
10176,欧精精
10175,
10174,
10173,
10172,萌呆
10171,
10170,
10169,
10169,
10168,雨灰
10167,
10166,
10165,
10164,
10163,
10162,风影
10161,
10160,讴歌
10159,aaaa
10158,
10157,秋秋
10156,渣渣查
10155,
10154,猫娘
10153,
10152,
10151,
10150,
10149,
10148,
10147,
10146,
10145,吃米
10144,
10143,
10142,
10141,
10140,
10139,深麻麻
10138,被被
10137,FUTA值
10136,
10135,
10134,
10133,
10132,
10131,
10130,
10129,yoo
10128,欧派
10127,
10126,天国
10125,
10124,
10123,
10122,
10121,木粉
10120,
10119,
10118,
10117,
10116,软雨
10115,
10114,
10113,
10112,生放送
10111,
10110,
10109,芥茉
10108,
10107,
10106,
10105,
10104,
10103,
10102,
10101,猫耳
10100,
10099,肝帝
10098,
10097,
10096,
10095,
10094,
10093,
10092,
10091,
10090,
10089,
10088,SSR
10087,
10086,
10085,
10084,污狼
10083,
10082,
10081,
10080,
10079,萝丽
10078,
10077,
10076,哈嗝
10075,狼叔
10074,
10073,
10072,
10071,冰峰
10070,战猴
10069,裤链
10068,
10067,
10066,
10065,
10064,
10063,
10062,
10061,
10060,圆宝
10059,荒石
10058,
10057,
10056,
10055,
10054,幻风酱
10053,琴月
10052,追梦人
10051,
10050,
10049,
10048,
10047,
10046,
10045,
10044,
10043,可粉
10042,
10041,
10040,
10039,
10038,
10037,
10036,
10035,
10034,
10033,
10032,优吉
10031,
10030,反派
10029,
10028,
10027,
10026,
10025,
10024,
10023,
10022,
10021,
10020,
10019,
10018,
10017,菜粉
10016,二菇仔
10015,牧民
10014,CC
10013,
10012,
10011,
10010,
10009,
10008,
10007,
10006,
10005,喵啊
10004,
10003,基荒
10002,怪骨头
10001,Bro
